
Cluster 0
------------
69893
35014

Cluster 1
------------
39117
34958

Cluster 2
------------
13052
65815

Cluster 3
------------
6040
81816

Cluster 4
------------
64392
24307
17526

Cluster 5
------------
97612
63064
20326

Cluster 6
------------
34047
26095

Cluster 7
------------
42202
94652
47023
43878
53272
83394
28919
42074
55996
78796

Cluster 8
------------
68578
38181
57370
62186
81697
23812
93168
23760
25196
50018
34563
63703
58445
84035
34088
18773
94372
8208
38472
63634
57481

Cluster 9
------------
10701
10814
14181
15813
1806
20856
22711
23319
24634
25551
25878
26246
27031
27312
276
28672
29047
29209
29773
32054
32088
33838
3458
36257
37224
37237
3733
37438
38031
38846
39299
39939
40084
41719
41729
42269
42296
45127
46042
4629
46495
49624
52235
54203
56029
56394
57644
61242
64258
70005
70919
71389
72058
73183
73462
73624
7674
7780
81563
81859
82212
82238
82886
82993
8304
83741
85232
85492
88042
91194
91426
91796
91911
93192
93456
96099
97218
9776
98170
98797

Cluster 10
------------
19267
94719
17622
46975
83227

Cluster 11
------------
52954
50362

Cluster 12
------------
57602
42633
