
Cluster 0
--------------
10701
25551
3458
3733
54203
8304

Cluster 1
--------------
10814
17622
19267
25878
42202
46975
83227
94719

Cluster 2
--------------
13052
17526
24307
6040
61242
64392
65815
81816

Cluster 3
--------------
14181
40084
41729
4629
96099

Cluster 4
--------------
15813
42269
45127

Cluster 5
--------------
1806
82993

Cluster 6
--------------
18773
34088

Cluster 7
--------------
20326
26095
27031
34047
63064
97612

Cluster 8
--------------
20856
28672
46495
70919

Cluster 9
--------------
22711
38846

Cluster 10
--------------
23319
39939
42296
81859

Cluster 11
--------------
23760
25196
73624
93168

Cluster 12
--------------
23812
38181
38472
50018
57370
62186
81697
88042

Cluster 13
--------------
24634
43878
47023
53272
94652

Cluster 14
--------------
26246
37237

Cluster 15
--------------
27312
81563
91796
93192

Cluster 16
--------------
276
56029
73462
91194
98170

Cluster 17
--------------
28919
37224
42074
55996
68578
78796
83394

Cluster 18
--------------
29047
32088
7674
82238
82886
91911
9776

Cluster 19
--------------
29209
46042
64258

Cluster 20
--------------
29773
42633
50362
52954
56394
57602

Cluster 21
--------------
32054
98797

Cluster 22
--------------
33838
82212

Cluster 23
--------------
34563
39299
63703

Cluster 24
--------------
34958
35014
39117
69893

Cluster 25
--------------
36257
37438
57644

Cluster 26
--------------
38031
71389
83741

Cluster 27
--------------
41719
49624

Cluster 28
--------------
52235
72058

Cluster 29
--------------
57481
63634

Cluster 30
--------------
58445
84035
97218

Cluster 31
--------------
70005
7780
85232

Cluster 32
--------------
73183
91426

Cluster 33
--------------
8208
94372

Cluster 34
--------------
85492
93456
